$ANSIBLE_VAULT;1.1;AES256
35303061313830323163333365653134333237663263646432376566396165336337346336343366
6534383439653739313238396163613061613265656137370a653636363063643131336461643461
39316134306462326536376364643264656533626337653037376532393264323335396364333033
3736353434346336310a653665623134366365323135386165373735366263343732323633346466
61396463356239393866643338326638616639343835346630366530346364616136363036313061
62643938376237383335393237363234393430343039633037646666633261363536363865626333
32346231383862636365636437323962653936363030386362393763386165656231386339613531
64373265306437633437613834393563316538333634626232373739393034363062613536616466
36656134363662336135373263373062316563333737333566656239383036396532663437636462
34363666646635313936613932653065393539393239653336393338663263393166613033373239
37633231386237356662663666646163306138313863376239393032343661356230393335353039
62303062346462613630393632363139613566653033646133623336386531346665386137623134
31663039333430646364376437326665306439373337636663653166633366383633633663383738
33336235326666346163336461313338633339373135316466356535346431663134363631376365
38656161663961376233616530363036646466663762356234353036633436376638336437386631
61336535373339343130653335336466393038303737666165613766393666383038396664643631
39386663633430643338346231653763373633386563306338646639313037346136313666303466
30666233326337336230353835613937366338396136663732363334663264663932376561303562
61316636333933393533313933323363626462373833383862303531666465633938623630646665
30666162623261323033666165316666663131636331326430343338636634346537326538663537
35623838386438363839653032623465623366353438656461393965623031313532336364316538
63376637326232643732346164353661666237643232613036663164653765613339353064626336
66383962323766336261346264653037366232623563336538336461373664663262306166303735
65616230326435303732386536336461623763633562303634353730363664346533326264356465
64663739623337353130643431343831626235646336646339643833663430333363
