$ANSIBLE_VAULT;1.1;AES256
37363036663737396337326333373331393261393433653863663033633630303566343836613332
3136626436333436636537626531313164623161393531610a623834623438356431353666313534
66376430383036373834343532303739326662356531353765613133336633323733653338386566
6632373931356534330a613535653239366231343462636366613733623865303838383438653039
65316533643266633934653532623935393763313461353864646661623939343733643133323830
30353431626162316166363232346331666565663131326335353533616231316536353634613261
32646565626366373266656535363565663033346231663765376162633532383530623834373239
33366534383839343735353234353935356536306133613864316564396434343935303964396332
39353539383162326238373466333738373663343361656134393266303836353838333365383564
66393534656566346237333131323961373836306438303534373339363861643161633239623063
30653535616637666335386636383436333964313530613763663437353532636261336432386430
34363433333230623339626437323065316265653064653136363961633237303532366130373732
62333137373630346531383034333733353336363536353362646566346633343733663532313763
64366361366136613661356264613637346561613435356264643939323866346236316463326433
63663531633639613230306535343332323832656633376564613964666363353862633830373663
35323831663465353639343136356662633732396433633636333430323666333530323263323137
6464
