$ANSIBLE_VAULT;1.1;AES256
39306431363061613662343535343931343937626234303565353937623965326133383133306238
6234313931333266323862366665363137613964356563640a626436386339666566393533386432
33643563653233656139646238303465616130393533306662376463376635343939386236386664
3835373764313066660a666436386433363338363366386437626334666132313935346130323666
37633364656637393338343836313862656364326632396236643733373833303063303438643835
64386139613833333535663164393531313461393366336132623663636161313663343233353566
38386261333034336533656262623734353233643238633531313861646134363733383863393233
37306230343066333764323761306638356565393932646334363331643365623739306265613230
65333863623531376633383432323365613235666236313333373266343061303863376239326662
61653466356235376631653963323930316539663864393131396663316137646661663262353035
64656633323431313964636465323165363533666438613334363436643537386430313637366532
32616631643432666235633637616338653063663331343038333566316332313937333539626233
39613033656331363332343661363538393466353838623537626163383633666239323232303566
30396264356332373366373762373533376138336262396131373435316137643431626237373635
32353866316234353333666264386637663232656139386463366238633465643563663035376566
65383633303663346166343365663436663962653737636463343861666461643466616365646134
35386565643036616634663961636137396435653735326361653865616637313933663131363139
30616439303566326161653336393934323335373536653364663838643765613237323166363964
65323236663964393330656335656463663361336332306236393236643031663037393431393233
34396132633964643734323633356564386663353363363537353232323231376133613130666634
30303561386564613531366339656661346164326662643836313134396132363131333630373366
30343164373630363136336538353039663634633264393264646562636264623932626636343066
36663235383831333963313931353263373961633164623735373139306234363162383366663834
61623530316530653466323138366631633964653430373363396666656134373333386336376535
33646133363764343137353937363235303533353834306166356132313962373339376464336130
65303262353664333531336233383432616231303332363438653766313462613936616133653230
38343630653531333039353965653238643239626132393738663036336238326264663534666565
36643138376366663464396437356338633962363932323439346630313032663363383337613764
65383663336137323236626638373866336261376432303337333364383333313930333739366362
30393338373462653763653265636436336265333136383762656666376164303466326538383038
37643039613936393763656161376430303835633561333133393236356134393930613262343232
63353631353536316133353032326536653266386437666134363232613564616533323237626363
63623933666463303234313237623437313562653630303962623437346339353537373836356138
65303632616330636335623639623235636138363234346438633731623633663437363336363964
36626434623938353030336665303066666436333537643564613235643235393337396165633062
35313138326132363736376261663633666533633632313063396164373038333737346161376261
34353731613538363334313834383762373333613633303931326137623137636463303436313961
61613562613234303533613733356364663264613464383035313837383937396332626636323266
31613134326535356464666633623134646634613837633765383731613362343734383138633639
33383164653932393730653231313735643330663465396262363963333631323461623364613261
33303436623636333964313839643662623962363338366131646639633431336166386430333036
32363234396431343366356266326438303761656334343835353535396164623761616364353765
66353063376630663935333339373631346334666438623464393336366530376336333762366361
64356330333161386636663339346636653132396337653334326132613766396265386132366631
39346332373165613039353337376562373238326134633865306432346462366437646630386166
62633836656437393265353831663031396438333130653535656634363831353238623830353263
64633135353063323966336335326163323464643166323632663566356335626233663839653363
65393130366537336665323335333333376337306461386439656132346166333231306661353066
33346637623230636637396566623532623133303830613138353131663164653338303131383434
66643538363337613939366333323730343566663833373332613162363039323133353936326166
66636261343664306264363165323362326362396535623133336233626538333931356462613263
37393334386335313264306430343366323332306236633863646137303838613334376662623238
38666634666239643434366531323561356162306537386162333032343838666538616136656266
37636431613965663166373534613962313539653530636365383239303666323738316333613765
38643738396335363861316462366436663861646166643536633835303136343362303264316630
30613230313939666639343065353330336238333764653734386634386130343236383032643664
37636164626131643137346262623230633036363464343664633838383230623839376562633230
32303766633230333466356364386263373436386563626632623936616233373264636566346139
33316133663462343436646135356436336533663066353366633232373537626164323862653736
62626363663631643261396532323630663963656539336562306636636636633033316636646563
36363934373364326233353233353461353064343863373238323532383238643464626264363630
30656638373933653334303138666331326662333531366539386435373732626535633436343139
30336233663635623762643064373966376538363165303065643231396538306635323137326530
31626331346233373839313830356134656462303863633938613830356135643666333530663738
30616366656164386232383532646565613763376666616137313865623366336630346162636665
38306233393461383862333231323266306463653565333262393463303739316532623138343136
64666630393366653531643836306236396237363338646439393364313731353932663136633339
30626464383731633031383862333662313136343634333432623431653835363461643935356466
38383463663564373439613831396335326130653363363462386632336536616133343737626634
36363130353163643432396266396531366234383734666430646461396132326365323763633132
63616634643830656533643265393230336264373233383734393732616132356637633639643363
62333136626365316665
